32 25 75 123 46 103 18 11 122 110 66 59 67 99 55 88 121 36 58 100 39 3 119 22 61 
93 35 112 84 14 21 109 6 4 120 26 62 70 53 1 104 78 8 118 91 80 54 94 111 47 
82 72 23 125 38 13 57 49 12 37 89 48 40 114 81 56 52 108 95 124 29 86 20 116 30 
74 96 28 105 7 92 19 9 113 107 98 27 85 60 31 117 69 45 101 71 51 76 17 90 79 
77 65 97 102 24 106 44 16 63 115 68 42 50 83 73 43 5 10 2 64 87 34 41 15 33 
;
78 89 63 110 60 79 91 83 74 68 102 22 114 37 6 66 5 94 61 105 9 59 123 81 40 
125 18 4 45 10 33 25 96 99 106 77 69 27 7 42 107 55 100 35 30 124 71 21 12 29 
89 91 63 76 77 23 36 66 46 40 2 30 32 62 13 50 99 72 116 14 61 6 104 67 37 
103 62 17 70 109 51 95 26 88 108 117 39 46 112 86 65 93 31 34 20 11 32 13 41 101 
26 102 48 75 15 53 20 78 88 109 121 56 82 65 71 51 24 18 69 117 44 103 4 115 80 
;
117 5 9 26 72 33 17 105 3 90 23 99 69 58 48 96 83 51 93 45 107 42 44 111 87 
102 24 116 74 77 35 9 124 61 28 45 99 104 39 8 7 82 36 42 111 13 6 4 66 58 
89 91 63 76 77 23 36 66 46 40 2 30 32 62 13 50 99 72 116 14 61 6 104 67 37 
34 31 32 30 88 20 36 63 80 86 14 65 61 37 54 116 7 98 53 120 79 114 21 71 82 
43 60 117 61 48 65 18 11 55 5 29 69 9 97 111 20 115 103 81 50 93 67 116 77 104 
;
53 113 56 116 3 12 15 103 39 63 102 86 88 124 61 107 59 37 19 93 76 18 51 17 16 
102 24 116 74 77 35 9 124 61 28 45 99 104 39 8 7 82 36 42 111 13 6 4 66 58 
82 72 23 125 38 13 57 49 12 37 89 48 40 114 81 56 52 108 95 124 29 86 20 116 30 
34 31 32 30 88 20 36 63 80 86 14 65 61 37 54 116 7 98 53 120 79 114 21 71 82 
43 60 117 61 48 65 18 11 55 5 29 69 9 97 111 20 115 103 81 50 93 67 116 77 104 
;
113 70 23 55 43 26 34 122 45 62 10 112 56 68 21 116 105 125 78 110 75 32 61 69 39 
102 24 116 74 77 35 9 124 61 28 45 99 104 39 8 7 82 36 42 111 13 6 4 66 58 
89 91 63 76 77 23 36 66 46 40 2 30 32 62 13 50 99 72 116 14 61 6 104 67 37 
7 110 27 17 93 9 80 121 30 5 82 107 45 69 119 87 66 75 86 97 81 39 99 100 102 
70 23 4 114 112 79 65 10 41 5 116 38 60 111 8 83 51 7 72 37 30 2 29 85 48 
;
113 70 23 55 43 26 34 122 45 62 10 112 56 68 21 116 105 125 78 110 75 32 61 69 39 
102 24 116 74 77 35 9 124 61 28 45 99 104 39 8 7 82 36 42 111 13 6 4 66 58 
89 91 63 76 77 23 36 66 46 40 2 30 32 62 13 50 99 72 116 14 61 6 104 67 37 
7 110 27 17 93 9 80 121 30 5 82 107 45 69 119 87 66 75 86 97 81 39 99 100 102 
70 23 4 114 112 79 65 10 41 5 116 38 60 111 8 83 51 7 72 37 30 2 29 85 48 
;
119 84 21 115 102 30 72 13 7 58 123 91 26 42 93 68 91 3 122 107 89 33 113 49 18 
21 18 96 86 125 16 47 97 41 98 26 20 5 24 62 16 80 111 74 4 64 104 23 2 6 
89 91 63 76 77 23 36 66 46 40 2 30 32 62 13 50 99 39 116 14 61 6 104 67 37 
7 110 27 17 93 9 80 121 30 5 82 107 45 69 119 87 66 75 86 97 81 72 99 100 102 
70 23 4 114 112 79 65 10 41 5 116 38 60 111 8 83 51 7 72 37 51 2 29 85 48 
;
53 113 56 116 3 12 15 103 39 63 102 110 88 124 61 107 59 37 19 93 76 18 51 17 16 
21 18 96 86 125 91 47 97 41 98 26 20 5 24 62 16 80 111 74 4 64 104 23 2 6 
89 91 63 76 77 23 36 66 46 40 2 30 32 62 13 50 99 39 116 14 61 6 104 67 37 
34 31 32 30 88 20 36 63 80 86 14 65 61 37 54 116 7 98 53 120 79 114 21 71 82 
70 23 4 114 112 79 65 10 41 5 116 38 60 111 8 83 51 7 72 37 51 2 29 85 48 
;
53 113 56 116 3 12 15 103 39 63 102 110 88 124 61 107 59 37 19 93 76 18 51 17 16 
21 18 96 86 125 91 47 97 41 98 26 20 5 24 62 16 80 111 74 4 64 104 23 2 6 
5 66 42 2 73 63 61 1 93 49 24 76 94 105 54 114 107 37 75 116 7 108 6 119 80 
125 74 38 83 86 92 61 66 57 101 122 25 55 90 10 99 103 89 11 117 16 69 96 78 63 
70 23 4 114 112 79 65 10 41 5 116 38 60 111 8 83 51 7 72 37 51 2 29 85 48 
;
53 113 56 116 3 12 15 103 39 63 102 110 88 124 61 107 59 37 19 93 76 18 51 17 16 
21 18 96 86 125 91 47 97 41 98 26 20 5 24 62 16 80 111 74 4 64 104 23 2 6 
80 94 61 1 2 30 21 71 121 38 122 93 33 68 83 46 75 45 87 117 84 24 101 99 7 
125 74 38 83 86 92 61 66 57 101 122 25 55 90 10 99 103 89 11 117 16 69 96 78 63 
70 23 4 114 112 79 65 10 41 5 116 38 60 111 8 83 51 7 72 37 51 2 29 85 48 
;
53 113 56 116 3 12 15 103 39 63 102 110 88 124 61 107 59 37 19 93 76 18 51 17 16 
21 18 96 86 125 91 47 97 41 98 26 20 5 24 62 16 80 111 74 4 64 104 23 2 6 
80 94 61 1 2 30 21 71 121 38 122 93 33 68 83 46 75 45 87 117 84 24 101 99 7 
125 74 38 83 86 92 61 66 57 101 122 25 55 90 10 99 103 89 11 117 16 69 96 78 63 
70 23 4 114 112 79 65 10 41 5 116 38 60 111 8 83 51 7 72 37 51 2 29 85 48 
;
53 113 102 116 3 12 15 10 39 63 56 110 88 124 61 107 59 37 19 93 76 18 51 17 16 
21 18 96 86 125 91 47 97 41 98 26 20 5 24 62 16 80 111 74 4 64 104 23 2 6 
80 94 61 1 2 30 21 71 121 38 122 93 33 68 83 46 75 45 87 117 84 24 101 99 7 
125 74 38 83 86 92 61 66 57 101 122 25 55 90 10 99 103 89 11 117 16 69 96 78 63 
70 23 4 114 112 79 65 10 41 5 116 38 60 111 116 83 51 7 72 37 51 2 29 85 48 
;
53 113 102 116 3 12 15 10 39 63 56 110 88 124 61 107 59 37 19 93 76 18 51 17 16 
21 18 96 86 125 91 47 97 41 98 26 20 5 24 62 16 80 111 74 4 64 104 23 2 6 
80 94 61 1 2 30 21 71 121 38 122 93 33 68 83 46 75 45 87 117 84 24 101 99 7 
125 74 38 83 86 92 61 66 57 101 122 25 55 90 10 99 103 89 11 117 16 69 96 78 63 
70 23 4 114 112 79 65 10 41 5 116 38 60 111 116 83 51 7 72 37 51 2 29 85 48 
;
53 113 102 116 3 12 15 10 39 63 56 110 88 124 61 107 59 37 19 93 76 18 51 17 16 
21 18 96 86 125 91 47 97 41 98 26 20 5 24 62 16 80 111 74 4 64 104 23 2 6 
80 94 61 1 2 30 21 71 121 38 122 93 33 68 83 46 75 45 87 117 84 24 101 99 7 
125 74 38 83 86 92 61 66 57 101 122 25 55 90 10 99 103 89 11 117 16 69 96 78 63 
70 23 4 114 112 79 65 10 41 5 116 38 60 111 116 83 51 7 72 37 51 2 29 85 48 
;
53 113 102 116 3 12 15 10 39 63 56 110 88 124 61 107 59 37 19 93 76 18 51 17 16 
21 18 96 86 125 91 47 97 41 98 26 20 5 24 62 16 80 111 74 4 64 104 23 2 6 
80 94 61 1 2 30 21 71 121 38 122 93 33 68 83 46 75 45 87 117 84 24 101 99 7 
125 74 38 83 86 92 61 66 57 101 122 25 55 90 10 99 103 89 11 117 16 69 96 78 63 
70 23 4 114 112 79 65 10 41 5 116 38 60 111 116 83 51 7 72 37 51 2 29 85 48 
;
53 113 102 116 3 12 15 10 39 63 56 110 88 124 61 107 59 37 19 93 76 18 51 17 16 
21 18 96 86 125 91 47 97 41 98 26 20 5 24 62 16 80 111 74 4 64 104 23 2 6 
80 94 61 1 2 30 21 71 121 38 122 93 33 68 83 46 75 45 87 117 84 24 101 99 7 
125 74 38 83 86 92 61 66 57 101 122 25 55 90 10 99 103 89 11 117 16 69 96 78 63 
70 23 4 114 112 79 65 10 41 5 116 38 60 111 116 83 51 7 72 37 51 2 29 85 48 
;
53 113 16 116 3 12 15 10 39 63 56 110 88 124 61 107 59 37 19 93 76 18 51 17 16 
21 18 96 86 125 102 47 97 41 98 26 20 5 24 62 16 80 111 74 4 64 104 23 2 6 
80 94 61 1 2 30 21 71 121 38 122 93 33 68 83 46 75 45 87 69 84 24 101 99 7 
125 74 38 83 86 92 61 66 57 101 122 25 55 90 10 99 103 89 11 117 16 117 96 78 63 
72 23 4 114 112 79 65 10 41 5 116 38 60 111 116 83 51 7 70 37 51 2 29 85 48 
;
53 113 16 116 3 12 15 10 39 63 56 110 88 124 61 107 59 37 19 93 76 18 51 17 16 
21 18 96 86 125 102 47 97 41 98 26 20 5 24 62 16 80 111 74 4 64 104 23 2 6 
80 94 61 1 2 30 21 71 121 38 122 93 33 68 83 46 75 45 87 69 84 24 101 99 7 
125 74 38 83 86 92 61 66 57 101 122 25 55 90 10 99 103 89 11 117 16 117 96 78 63 
72 23 4 114 112 79 65 10 41 5 116 38 60 111 116 83 51 7 70 37 51 2 29 85 48 
;
53 113 102 116 3 12 15 10 89 63 56 110 88 124 61 107 59 37 19 93 76 18 51 17 16 
21 18 96 86 125 102 47 97 41 98 26 20 5 24 62 16 80 111 74 4 64 104 23 2 6 
80 94 61 1 2 30 21 71 121 38 122 93 33 68 83 46 75 45 87 117 84 24 101 99 7 
125 74 38 83 86 92 61 66 57 101 122 25 55 90 10 99 103 39 11 117 16 69 96 78 63 
70 23 4 114 112 79 65 10 41 5 116 38 60 111 116 83 51 7 72 37 51 2 29 85 48 
;
53 113 102 116 3 12 15 10 89 63 56 110 88 124 61 107 59 37 19 93 76 18 51 17 16 
21 18 96 86 125 102 47 97 41 98 26 20 5 24 62 16 80 111 74 4 64 104 23 2 6 
80 94 61 1 2 30 21 71 121 38 122 93 33 68 83 46 75 45 87 117 84 24 101 99 7 
125 74 38 83 86 92 61 66 57 101 122 25 55 90 10 99 103 39 11 117 16 69 96 78 63 
70 23 4 114 112 79 65 10 41 5 116 38 60 111 116 83 51 7 72 37 51 2 29 85 48 
;
53 113 102 116 3 12 15 10 89 63 56 110 88 124 61 107 59 37 19 93 76 18 51 17 16 
21 18 96 86 125 102 47 97 41 98 26 20 5 24 62 16 80 111 74 4 64 104 23 2 6 
80 94 61 1 2 30 21 71 121 38 38 93 33 68 83 46 75 45 87 117 84 24 101 99 7 
125 74 38 83 86 92 61 66 57 101 122 25 55 90 10 99 103 89 11 117 16 117 96 78 63 
70 23 4 114 112 79 65 10 41 5 116 38 60 111 8 47 51 7 72 37 51 2 29 85 48 
;
53 113 102 116 3 12 15 10 89 63 56 110 88 124 61 107 59 37 19 93 76 18 51 17 16 
21 4 96 86 125 102 47 97 41 98 26 20 5 24 62 16 80 111 74 4 64 104 23 2 6 
80 94 61 1 2 30 21 71 121 103 38 93 33 68 83 46 75 45 87 117 84 24 101 99 7 
125 74 38 83 86 92 61 66 57 101 122 25 55 90 10 99 38 89 11 117 16 117 96 78 63 
70 23 18 114 112 79 65 10 41 5 116 122 60 111 8 47 51 7 72 37 51 2 29 85 48 
;
53 113 102 116 3 12 15 10 89 63 56 110 88 124 61 107 59 37 19 93 76 18 51 17 16 
21 4 96 86 125 102 47 97 41 98 26 20 5 24 62 16 80 111 74 4 64 104 23 2 122 
80 94 61 1 2 30 21 71 121 38 38 93 33 68 83 46 75 45 87 117 84 24 101 99 7 
125 74 38 83 86 92 61 66 57 101 6 25 55 90 10 99 38 89 11 117 16 117 96 78 63 
70 23 18 114 112 79 65 10 41 5 116 122 60 111 8 47 51 7 72 37 51 2 29 85 48 
;
53 113 102 116 3 12 15 10 89 63 56 110 88 124 61 107 59 37 19 93 76 18 51 17 16 
21 4 96 86 125 102 47 97 41 98 26 20 5 24 62 16 80 111 74 4 64 104 23 2 122 
80 94 61 1 2 30 21 71 121 38 38 93 33 68 83 46 75 45 87 117 84 24 101 99 7 
125 74 38 83 86 92 61 66 57 101 6 25 55 90 10 99 38 89 11 117 16 117 96 78 63 
70 23 18 114 112 79 65 10 41 5 116 122 60 111 8 47 51 7 72 37 51 2 29 85 48 
;
53 113 102 116 3 12 15 10 89 63 56 110 88 124 61 107 59 37 19 93 76 18 51 17 16 
21 4 96 86 125 102 47 97 41 98 26 20 5 24 62 16 80 111 74 4 64 104 23 2 122 
80 94 61 1 2 30 21 71 121 38 38 93 33 68 83 46 75 45 87 117 84 24 101 99 7 
125 74 38 83 86 92 61 66 57 101 6 25 55 90 10 99 38 89 11 117 16 117 96 78 63 
70 23 18 114 112 79 65 10 41 5 116 122 60 111 8 47 51 7 72 37 51 2 29 85 48 
;
53 113 102 116 3 12 15 10 89 63 56 110 88 124 61 107 59 37 19 93 76 18 51 17 16 
21 4 96 86 125 102 47 97 41 98 26 20 5 24 62 16 80 111 74 4 64 104 23 2 122 
80 94 61 1 2 30 21 71 121 38 38 93 33 68 83 46 75 45 87 117 84 24 101 99 7 
125 74 38 83 86 92 61 66 57 101 6 25 55 90 10 99 38 89 11 117 16 117 96 78 63 
70 23 18 114 112 79 65 10 41 5 116 122 60 111 8 47 51 7 72 37 51 2 29 85 48 
;
53 113 102 116 3 12 15 10 89 63 56 110 88 124 61 107 59 37 19 93 76 18 51 17 16 
21 4 96 86 125 102 47 97 41 98 26 20 5 24 62 16 80 111 74 4 64 104 23 2 122 
80 94 61 1 2 30 21 71 121 38 38 93 33 68 83 46 75 45 87 117 84 24 101 99 7 
125 74 38 83 86 92 61 66 57 101 6 25 55 90 10 99 38 89 11 117 16 117 96 78 63 
70 23 18 114 112 79 65 10 41 5 116 122 60 111 8 47 51 7 72 37 51 2 29 85 48 
;
53 113 102 116 3 12 15 10 89 63 56 110 88 124 61 107 59 37 19 93 76 18 51 17 16 
21 4 96 86 125 102 47 97 41 98 26 20 5 24 62 16 80 111 74 4 64 104 23 2 122 
80 94 61 1 2 30 21 71 121 38 38 93 33 68 83 46 75 45 87 117 84 24 101 99 7 
125 74 38 83 86 92 61 66 57 101 6 25 55 90 10 99 38 89 11 117 16 117 96 78 63 
70 23 18 114 112 79 65 10 41 5 116 122 60 111 8 47 51 7 72 37 51 2 29 85 48 
;
53 113 102 116 3 12 15 10 89 63 56 110 88 124 61 107 59 37 19 93 76 18 51 17 16 
21 4 96 86 125 102 47 97 41 98 26 20 5 24 62 16 80 111 74 4 64 104 23 2 122 
80 94 61 1 2 30 21 71 121 38 38 93 33 68 83 46 75 45 87 117 84 24 101 99 7 
125 74 38 83 86 92 61 66 57 101 6 25 55 90 10 99 38 89 11 117 16 117 96 78 63 
70 23 18 114 112 79 65 10 41 5 116 122 60 111 8 47 51 7 72 37 51 2 29 85 48 
;
53 113 102 116 3 12 15 10 89 63 56 110 88 124 61 107 59 37 19 93 76 18 51 17 16 
21 4 96 86 125 102 47 97 41 98 26 20 5 24 62 16 80 111 74 4 64 104 23 2 122 
80 94 61 1 2 30 21 71 121 38 38 93 33 68 83 46 75 45 87 117 84 24 101 99 7 
125 74 38 83 86 92 61 66 57 101 6 25 55 90 10 99 38 89 11 117 16 117 96 78 63 
70 23 18 114 112 79 65 10 41 5 116 122 60 111 8 47 51 7 72 37 51 2 29 85 48 
;
53 113 102 116 3 12 15 10 89 63 56 110 88 124 61 107 59 37 19 93 76 18 51 17 16 
21 4 96 86 125 102 47 97 41 98 26 20 5 24 62 16 80 111 74 4 64 104 23 2 122 
80 94 61 1 2 30 21 71 121 38 38 93 33 68 83 46 75 45 87 117 84 24 101 99 7 
125 74 38 83 86 92 61 66 57 101 6 25 55 90 10 99 38 89 11 117 16 117 96 78 63 
70 23 18 114 112 79 65 10 41 5 116 122 60 111 8 47 51 7 72 37 51 2 29 85 48 
;
53 113 102 116 3 12 15 10 89 63 56 110 88 124 61 107 59 37 19 93 76 18 51 17 16 
21 4 96 86 125 102 47 97 41 98 26 20 5 24 62 16 80 111 74 4 64 104 23 2 122 
80 94 61 1 2 30 21 71 121 38 38 93 33 68 83 46 75 45 87 117 84 24 101 99 7 
125 74 38 83 86 92 61 66 57 101 6 25 55 90 10 99 38 89 11 117 16 117 96 78 63 
70 23 18 114 112 79 65 10 41 5 116 122 60 111 8 47 51 7 72 37 51 2 29 85 48 
;
53 113 102 116 3 12 15 10 89 63 56 110 88 124 61 107 59 37 19 93 76 18 51 17 16 
21 4 96 86 125 102 47 97 41 98 26 20 5 24 62 16 80 111 74 4 64 104 23 2 122 
80 94 61 1 2 30 21 71 121 38 38 93 33 68 83 46 75 45 87 117 84 24 101 99 7 
125 74 38 83 86 92 61 66 57 101 6 25 55 90 10 99 38 89 11 117 16 117 96 78 63 
70 23 18 114 112 79 65 10 41 5 116 122 60 111 8 47 51 7 72 37 51 2 29 85 48 
;
53 113 102 116 3 12 15 10 89 63 56 110 88 124 61 107 59 37 19 47 76 18 51 17 16 
21 4 96 86 125 102 93 97 41 98 26 20 5 24 62 16 80 111 74 4 64 104 23 2 122 
80 94 61 1 2 30 21 71 121 38 38 93 33 68 83 46 75 45 87 117 84 24 101 99 7 
125 74 38 83 86 92 61 66 57 101 122 25 55 90 10 99 38 89 11 117 16 117 96 78 63 
70 23 18 114 112 79 65 10 41 5 116 122 60 111 8 47 51 7 72 37 51 2 29 85 48 
;
53 113 102 116 3 12 15 10 89 63 56 110 88 124 61 107 59 37 19 93 76 18 51 17 16 
21 4 96 86 125 102 93 97 41 98 26 20 5 24 62 16 80 111 74 4 64 104 23 2 122 
80 94 61 1 2 30 21 71 121 38 38 93 33 68 83 46 75 45 87 117 84 24 101 99 7 
125 74 38 83 86 92 61 66 57 101 122 25 55 90 10 99 38 89 11 117 16 117 96 78 63 
70 23 18 114 112 79 65 10 41 5 116 122 60 111 8 47 51 7 72 37 51 2 29 85 48 
;
53 113 102 116 3 12 15 10 89 63 56 110 88 124 61 107 59 37 19 93 76 18 51 17 16 
21 4 96 86 125 102 93 97 41 98 26 20 5 24 62 16 80 111 74 4 64 104 23 2 122 
80 94 61 1 2 30 21 71 121 38 38 93 33 68 83 46 75 45 87 117 84 24 101 99 7 
125 74 38 83 86 92 61 66 57 101 122 25 55 90 10 99 38 89 11 117 16 117 96 78 63 
70 23 18 114 112 79 65 10 41 5 116 122 60 111 8 47 51 7 72 37 51 2 29 85 48 
;
53 113 102 116 3 12 15 10 89 63 56 110 88 124 61 107 59 37 19 93 76 18 51 17 16 
21 4 96 86 125 102 93 97 41 98 26 20 5 24 62 16 80 111 74 4 64 104 23 2 122 
80 94 61 1 2 30 21 71 121 38 38 93 33 68 83 46 75 45 87 117 84 24 101 99 7 
125 74 38 83 86 92 61 66 57 101 122 25 55 90 10 99 38 89 11 117 16 117 96 78 63 
70 23 18 114 112 79 65 10 41 5 116 122 60 111 8 47 51 7 72 37 51 2 29 85 48 
;
53 113 102 116 3 12 15 10 89 63 56 110 88 124 61 107 59 37 19 93 76 18 51 17 16 
21 4 96 86 125 102 93 97 41 98 26 20 5 24 62 16 80 111 74 4 64 104 23 2 122 
80 94 61 1 2 30 21 71 121 38 38 93 33 68 83 46 75 45 87 117 84 24 101 99 7 
125 74 38 83 86 92 61 66 57 101 122 25 55 90 10 99 38 89 11 117 16 117 96 78 63 
70 23 18 114 112 79 65 10 41 5 116 122 60 111 8 47 51 7 72 37 51 2 29 85 48 
;
53 113 102 116 3 12 15 10 89 63 56 110 88 124 61 107 59 37 19 93 76 18 51 17 16 
21 4 96 86 125 102 93 97 41 98 26 20 5 24 62 16 80 111 74 4 64 104 23 2 122 
80 94 61 1 2 30 21 71 121 38 38 93 33 68 83 46 75 45 87 117 84 24 101 99 7 
125 74 38 83 86 92 61 66 57 101 122 25 55 90 10 99 38 89 11 117 16 117 96 78 63 
70 23 18 114 112 79 65 10 41 5 116 122 60 111 8 47 51 7 72 37 51 2 29 85 48 
;
53 113 102 116 3 12 15 10 89 63 56 110 88 124 61 107 59 37 19 93 76 18 51 17 16 
21 4 96 86 125 102 93 97 41 98 26 20 5 24 62 16 80 111 74 4 64 104 23 2 122 
80 94 61 1 2 30 21 71 121 38 38 93 33 68 83 46 75 45 87 117 84 24 101 99 7 
125 74 38 83 86 92 61 66 57 101 122 25 55 90 10 99 38 89 11 117 16 117 96 78 63 
70 23 18 114 112 79 65 10 41 5 116 122 60 111 8 47 51 7 72 37 51 2 29 85 48 
;
53 113 102 116 3 12 15 10 89 63 56 110 88 124 61 107 59 37 19 93 76 18 51 17 16 
21 4 96 86 125 102 93 97 41 98 26 20 5 24 62 16 80 111 74 4 64 104 23 2 122 
80 94 61 1 2 30 21 71 121 38 38 93 33 68 83 46 75 45 87 117 84 24 101 99 7 
125 74 38 83 86 92 61 66 57 101 122 25 55 90 10 99 38 89 11 117 16 117 96 78 63 
70 23 18 114 112 79 65 10 41 5 116 122 60 111 8 47 51 7 72 37 51 2 29 85 48 
;
53 113 102 116 3 12 15 10 89 63 56 110 88 124 61 107 59 37 19 93 76 18 51 17 16 
21 4 96 86 125 102 93 97 41 98 26 20 5 24 62 16 80 111 74 4 64 104 23 2 122 
80 94 61 1 2 30 21 71 121 38 38 93 33 68 83 46 75 45 87 117 84 24 101 99 7 
125 74 38 83 86 92 61 66 57 101 122 25 55 90 10 99 38 89 11 117 16 117 96 78 63 
70 23 18 114 112 79 65 10 41 5 116 122 60 111 8 47 51 7 72 37 51 2 29 85 48 
;
53 113 102 116 3 12 15 10 89 63 56 110 88 124 61 107 59 37 19 93 76 18 51 17 16 
21 4 96 86 125 102 93 97 41 98 26 20 5 24 62 16 80 111 74 4 64 104 23 2 122 
80 94 61 1 2 30 21 71 121 38 38 93 33 68 83 46 75 45 87 117 84 24 101 99 7 
125 74 38 83 86 92 61 66 57 101 122 25 55 90 10 99 38 89 11 117 16 117 96 78 63 
70 23 18 114 112 79 65 10 41 5 116 122 60 111 8 47 51 7 72 37 51 2 29 85 48 
;
53 113 102 116 3 12 15 10 89 63 56 110 88 124 61 107 59 37 19 93 76 18 51 17 16 
21 4 96 86 125 102 93 97 41 98 26 20 5 24 62 16 80 111 74 4 64 104 23 2 122 
80 94 61 1 2 30 21 71 121 38 38 93 33 68 83 46 75 45 87 117 84 24 101 99 7 
125 74 38 83 86 92 61 66 57 101 122 25 55 90 10 99 38 89 11 117 16 117 96 78 63 
70 23 18 114 112 79 65 10 41 5 116 122 60 111 8 47 51 7 72 37 51 2 29 85 48 
;
53 113 102 116 3 12 15 10 89 63 56 110 88 124 61 107 59 37 19 93 76 18 51 17 16 
21 4 96 86 125 102 93 97 41 98 26 20 5 24 62 16 80 111 74 4 64 104 23 2 122 
80 94 61 1 2 30 21 71 121 38 38 93 33 68 83 46 75 45 87 117 84 24 101 99 7 
125 74 38 83 86 92 61 66 57 101 122 25 55 90 10 99 38 89 11 117 16 117 96 78 63 
70 23 18 114 112 79 65 10 41 5 116 122 60 111 8 47 51 7 72 37 51 2 29 85 48 
;
53 113 102 116 3 12 15 10 89 63 56 110 88 124 61 107 59 37 19 93 76 18 51 17 16 
21 4 96 86 125 102 93 97 41 98 26 20 5 24 62 16 80 111 74 4 64 104 23 2 122 
80 94 61 1 2 30 21 71 121 38 38 93 33 68 83 46 75 45 87 117 84 24 101 99 7 
125 74 38 83 86 92 61 66 57 101 122 25 55 90 10 99 38 89 11 117 16 117 96 78 63 
70 23 18 114 112 79 65 10 41 5 116 122 60 111 8 47 51 7 72 37 51 2 29 85 48 
;
53 113 102 116 3 12 15 10 89 63 56 110 88 124 61 107 59 37 19 93 76 18 51 17 16 
21 4 96 86 125 102 93 97 41 98 26 20 5 24 83 16 80 111 74 4 64 104 23 2 122 
80 94 61 1 2 30 21 71 121 103 38 93 33 68 83 46 75 45 87 117 84 24 101 99 7 
125 74 38 83 86 92 61 66 57 101 122 25 55 90 10 99 38 89 11 117 16 117 96 78 63 
70 23 18 114 112 79 65 10 41 5 116 122 60 111 78 47 51 7 72 37 51 2 29 85 48 
;
53 113 102 116 3 12 15 10 89 63 56 110 88 124 61 107 59 37 19 93 76 18 51 17 16 
21 4 96 86 125 102 93 97 41 98 26 20 5 24 83 16 80 111 74 4 64 104 23 2 122 
80 94 61 1 2 30 21 71 121 103 38 93 33 68 83 46 75 45 87 117 84 24 101 99 7 
125 74 38 83 86 92 61 66 57 101 122 25 55 90 10 99 38 89 11 117 16 117 96 78 63 
70 23 18 114 112 79 65 10 41 5 116 122 60 111 78 47 51 7 72 37 51 2 29 85 48 
;
53 113 102 116 3 12 15 10 89 63 56 110 88 124 61 107 59 37 19 93 76 18 51 17 16 
21 4 96 86 125 102 93 97 41 98 26 20 5 24 83 16 80 111 74 4 64 104 23 2 122 
80 94 61 1 2 30 21 71 121 103 38 93 33 68 83 46 75 45 87 117 84 24 101 99 7 
125 74 38 83 86 92 61 66 57 101 122 25 55 90 10 99 38 89 11 117 16 117 96 78 63 
70 23 18 114 112 79 65 10 41 5 116 122 60 111 78 47 51 7 72 37 51 2 29 85 48 
;
53 113 102 116 3 12 15 10 89 63 56 110 88 124 61 107 59 37 19 93 76 18 51 17 16 
21 4 96 86 125 102 93 97 41 98 26 20 5 24 83 16 80 111 74 4 64 104 23 2 122 
80 94 61 1 2 30 21 71 121 103 38 93 33 68 83 46 75 45 87 117 84 24 101 99 7 
125 74 38 83 86 92 61 66 57 101 122 25 55 90 10 99 38 89 11 117 16 117 96 78 63 
70 23 18 114 112 79 65 10 41 5 116 122 60 111 78 47 51 7 72 37 51 2 29 85 48 
;
53 113 102 116 3 12 15 10 89 63 56 110 88 124 61 107 59 37 19 93 76 18 51 17 16 
21 4 96 86 125 102 93 97 41 98 26 20 5 24 83 16 80 111 74 4 64 104 23 2 122 
80 94 61 1 2 30 21 71 121 103 38 93 33 68 83 46 75 45 87 117 84 24 101 99 7 
125 74 38 83 86 92 61 66 57 101 122 25 55 90 10 99 38 89 11 117 16 117 96 78 63 
70 23 18 114 112 79 65 10 41 5 116 122 60 111 78 47 51 7 72 37 51 2 29 85 48 
;
53 113 102 116 3 12 15 10 89 63 56 110 88 124 61 107 59 37 19 93 76 18 51 17 16 
21 4 96 86 125 102 93 97 41 98 26 20 5 24 83 16 80 111 74 4 64 104 23 2 122 
80 94 61 1 2 30 21 71 121 103 38 93 33 68 83 46 75 45 87 117 84 24 101 99 7 
125 74 38 83 86 92 61 66 57 101 122 25 55 90 10 99 38 89 11 117 16 117 96 78 63 
70 23 18 114 112 79 65 10 41 5 116 122 60 111 78 47 51 7 72 37 51 2 29 85 48 
;
53 113 102 116 3 12 15 10 89 63 56 110 88 124 61 107 59 37 19 93 76 18 51 17 16 
21 4 96 86 125 102 93 97 41 98 26 20 5 24 83 16 80 111 74 4 64 104 23 2 122 
80 94 61 1 2 30 21 71 121 103 38 93 33 68 83 46 75 45 87 117 84 24 101 99 7 
125 74 38 83 86 92 61 66 57 101 122 25 55 90 10 99 38 89 11 117 16 117 96 78 63 
70 23 18 114 112 79 65 10 41 5 116 122 60 111 78 47 51 7 72 37 51 2 29 85 48 
;
53 113 102 116 3 12 15 10 89 63 56 110 88 124 61 107 59 37 19 93 76 18 51 17 16 
21 4 96 86 125 102 93 97 41 98 26 20 5 24 83 16 80 111 74 4 64 104 23 2 122 
80 94 61 1 2 30 21 71 121 103 38 93 33 68 83 46 75 45 87 117 84 24 101 99 7 
125 74 38 83 86 92 61 66 57 101 122 25 55 90 10 99 38 89 11 117 16 117 96 78 63 
70 23 18 114 112 79 65 10 41 5 116 122 60 111 78 47 51 7 72 37 51 2 29 85 48 
;
53 113 102 116 3 12 15 10 89 63 56 110 88 124 61 107 59 37 19 93 76 18 51 17 16 
21 4 96 86 125 102 93 97 41 98 26 20 5 24 83 16 80 111 74 4 64 104 23 2 122 
80 94 61 1 2 30 21 71 121 103 38 93 33 68 83 46 75 45 87 117 84 24 101 99 7 
125 74 38 83 86 92 61 66 57 101 122 25 55 90 10 99 38 89 11 117 16 117 96 78 63 
70 23 18 114 112 79 65 10 41 5 116 122 60 111 78 47 51 7 72 37 51 2 29 85 48 
;
53 113 102 116 3 12 15 10 89 63 56 110 88 124 61 107 59 37 19 93 76 18 51 17 16 
21 4 96 86 125 102 93 97 41 98 26 20 5 24 83 16 80 111 74 4 64 104 23 2 122 
80 94 61 1 2 30 21 71 121 103 38 93 33 68 83 46 75 45 87 117 84 24 101 99 7 
125 74 38 83 86 92 61 66 57 101 122 25 55 90 10 99 38 89 11 117 16 117 96 78 63 
70 23 18 114 112 79 65 10 41 5 116 122 60 111 78 47 51 7 72 37 51 2 29 85 48 
;
53 113 102 116 3 12 15 10 89 63 56 110 88 124 61 107 59 37 19 93 76 18 51 17 16 
21 4 96 86 125 102 93 97 41 98 26 20 5 24 83 16 80 111 74 4 64 104 23 2 122 
80 94 61 1 2 30 21 71 121 103 38 93 33 68 83 46 75 45 87 117 84 24 101 99 7 
125 74 38 83 86 92 61 66 57 101 122 25 55 90 10 99 38 89 11 117 16 117 96 78 63 
70 23 18 114 112 79 65 10 41 5 116 122 60 111 78 47 51 7 72 37 51 2 29 85 48 
;
53 113 102 116 3 12 15 10 89 63 56 110 88 124 61 107 59 37 19 93 76 18 51 17 16 
21 4 96 86 125 102 93 97 41 98 26 20 5 24 83 16 80 111 74 4 64 104 23 2 122 
80 94 61 1 2 30 21 71 121 103 38 93 33 68 83 46 75 45 87 117 84 24 101 99 7 
125 74 38 83 86 92 61 66 57 101 122 25 55 90 10 99 38 89 11 117 16 117 96 78 63 
70 23 18 114 112 79 65 10 41 5 116 122 60 111 78 47 51 7 72 37 51 2 29 85 48 
;
53 113 102 116 3 12 15 10 89 63 56 110 88 124 61 107 59 37 19 93 76 18 51 17 16 
21 4 96 86 125 102 93 97 41 98 26 20 5 24 83 16 80 111 74 4 64 104 23 2 122 
80 94 61 1 2 30 21 71 121 103 38 93 33 68 83 46 75 45 87 117 84 24 101 99 7 
125 74 38 83 86 92 61 66 57 101 122 25 55 90 10 99 38 89 11 117 16 117 96 78 63 
70 23 18 114 112 79 65 10 41 5 116 122 60 111 78 47 51 7 72 37 51 2 29 85 48 
;
53 113 102 116 3 12 15 10 89 63 56 110 88 124 61 107 59 37 19 93 76 18 51 17 16 
21 4 96 86 125 102 93 97 41 98 26 20 5 24 83 16 80 111 74 4 64 104 23 2 122 
80 94 61 1 2 30 21 71 121 103 38 93 33 68 83 46 75 45 87 117 84 24 101 99 7 
125 74 38 83 86 92 61 66 57 101 122 25 55 90 10 99 38 89 11 117 16 117 96 78 63 
70 23 18 114 112 79 65 10 41 5 116 122 60 111 78 47 51 7 72 37 51 2 29 85 48 
;
53 113 102 116 3 12 15 10 89 63 56 110 88 124 61 107 59 37 19 93 76 18 51 17 16 
21 4 96 86 125 102 93 97 41 98 26 20 5 24 83 16 80 111 74 4 64 104 23 2 122 
80 94 61 1 2 30 21 71 121 103 38 93 33 68 83 46 75 45 87 117 84 24 101 99 7 
125 74 38 83 86 92 61 66 57 101 122 25 55 90 10 99 38 89 11 117 16 117 96 78 63 
70 23 18 114 112 79 65 10 41 5 116 122 60 111 78 47 51 7 72 37 51 2 29 85 48 
;
53 113 102 116 3 12 15 10 89 63 56 110 88 124 61 107 59 37 19 93 76 18 51 17 16 
21 4 96 86 125 102 93 97 41 98 26 20 5 24 83 16 80 111 74 4 64 104 23 2 122 
80 94 61 1 2 30 21 71 121 103 38 93 33 68 83 46 75 45 87 117 84 24 101 99 7 
125 74 38 83 86 92 61 66 57 101 122 25 55 90 10 99 38 89 11 117 16 117 96 78 63 
70 23 18 114 112 79 65 10 41 5 116 122 60 111 78 47 51 7 72 37 51 2 29 85 48 
;
53 113 102 116 3 12 15 10 89 63 56 110 88 124 61 107 59 37 19 93 76 18 51 17 16 
21 4 96 86 125 102 93 97 41 98 26 20 5 24 83 16 80 111 74 4 64 104 23 2 122 
80 94 61 1 2 30 21 71 121 103 38 93 33 68 83 46 75 45 87 117 84 24 101 99 7 
125 74 38 83 86 92 61 66 57 101 122 25 55 90 10 99 38 89 11 117 16 117 96 78 63 
70 23 18 114 112 79 65 10 41 5 116 122 60 111 78 47 51 7 72 37 51 2 29 85 48 
;
53 113 102 116 3 12 15 10 89 63 56 110 88 124 61 107 59 37 19 93 76 18 51 17 16 
21 4 96 86 125 102 93 97 41 98 26 20 5 24 83 16 80 111 74 4 64 104 23 2 122 
80 94 61 1 2 30 21 71 121 103 38 93 33 68 83 46 75 45 87 117 84 24 101 99 7 
125 74 38 83 86 92 61 66 57 101 122 25 55 90 10 99 38 89 11 117 16 117 96 78 63 
70 23 18 114 112 79 65 10 41 5 116 122 60 111 78 47 51 7 72 37 51 2 29 85 48 
;
53 113 102 116 3 12 15 10 89 63 56 110 88 124 61 107 59 37 19 93 76 18 51 17 16 
21 4 96 86 125 102 93 97 41 98 26 20 5 24 83 16 80 111 74 4 64 104 23 2 122 
80 94 61 1 2 30 21 71 121 103 38 93 33 68 83 46 75 45 87 117 84 24 101 99 7 
125 74 38 83 86 92 61 66 57 101 122 25 55 90 10 99 38 89 11 117 16 117 96 78 63 
70 23 18 114 112 79 65 10 41 5 116 122 60 111 78 47 51 7 72 37 51 2 29 85 48 
;
53 113 102 116 3 12 15 10 89 63 56 110 88 124 61 107 59 37 19 93 76 18 51 17 16 
21 4 96 86 125 102 93 97 41 98 26 20 5 24 83 16 80 111 74 4 64 104 23 2 122 
80 94 61 1 2 30 21 71 121 103 38 93 33 68 83 46 75 45 87 117 84 24 101 99 7 
125 74 38 83 86 92 61 66 57 101 6 25 55 90 10 99 38 89 11 117 16 117 96 78 63 
70 23 18 29 112 79 65 10 41 5 116 122 60 111 78 47 51 7 72 37 51 2 114 85 48 
;
53 113 102 116 3 12 15 10 89 63 56 110 88 124 61 107 59 37 19 93 76 18 51 17 16 
21 4 96 86 125 102 93 97 41 98 26 20 5 24 83 16 80 111 74 4 64 104 23 2 122 
80 94 61 1 2 30 21 71 121 103 38 93 33 68 83 46 75 45 87 117 84 24 101 99 7 
125 74 38 83 86 92 61 66 57 101 6 25 55 90 10 99 38 89 11 117 16 117 96 78 63 
70 23 18 29 112 79 65 10 41 5 116 122 60 111 78 47 51 7 72 37 51 2 114 85 48 
;
53 113 102 116 3 12 15 10 89 63 56 110 88 124 61 107 59 37 19 93 76 18 51 17 16 
21 4 96 86 125 102 93 97 41 98 26 20 5 24 83 16 80 111 74 4 64 104 23 2 122 
80 94 61 1 2 30 21 71 121 103 38 93 33 68 83 46 75 45 87 117 84 24 101 99 7 
125 74 38 83 86 92 61 66 57 101 6 25 55 90 10 99 38 89 11 117 16 117 96 78 63 
70 23 18 29 112 79 65 10 41 5 116 122 60 111 78 47 51 7 72 37 51 2 114 85 48 
;
53 113 102 116 3 12 15 10 89 63 56 110 88 124 61 107 59 37 19 93 76 18 51 17 16 
21 4 96 86 125 102 93 97 41 98 26 20 5 24 83 16 80 111 74 4 64 104 23 2 122 
80 94 61 1 2 30 21 71 121 103 38 93 33 68 83 46 75 45 87 117 84 24 101 99 7 
125 74 38 83 86 92 61 66 57 101 6 25 55 90 10 99 38 89 11 117 16 117 96 78 63 
70 23 18 29 112 79 65 10 41 5 116 122 60 111 78 47 51 7 72 37 51 2 114 85 48 
;
53 113 102 116 3 12 15 10 89 63 56 110 88 124 61 107 59 37 19 93 76 18 51 17 16 
21 4 96 86 125 102 93 97 41 98 26 20 5 24 83 16 80 111 74 4 64 104 23 2 122 
80 94 61 1 2 30 21 71 121 103 38 93 33 68 83 46 75 45 87 117 84 24 101 99 7 
125 74 38 83 86 92 61 66 57 101 6 25 55 90 10 99 38 89 11 117 16 117 96 78 63 
70 23 18 29 112 79 65 10 41 5 116 122 60 111 78 47 51 7 72 37 51 2 114 85 48 
;
53 113 102 116 3 12 15 10 89 63 56 110 88 124 61 107 59 37 19 93 76 18 51 17 16 
21 4 96 86 125 102 93 97 41 98 26 20 5 24 83 16 80 111 74 4 64 104 23 2 122 
80 94 61 1 2 30 21 71 121 103 38 93 33 68 83 46 75 45 87 117 84 24 101 99 7 
125 74 38 83 86 92 61 66 57 101 6 25 55 90 10 99 38 89 11 117 16 117 96 78 63 
70 23 18 29 112 79 65 10 41 5 116 122 60 111 78 47 51 7 72 37 51 2 114 85 48 
;
53 113 102 116 3 12 15 10 89 63 56 110 88 124 61 107 59 37 19 93 76 18 51 17 16 
21 4 96 86 125 102 93 97 41 98 26 20 5 24 83 16 80 111 74 4 64 104 23 2 122 
80 94 61 1 2 30 21 71 121 103 38 93 33 68 83 46 75 45 87 117 84 24 101 99 7 
125 74 38 83 86 92 61 66 57 101 6 25 55 90 10 99 38 89 11 117 16 117 96 78 63 
70 23 18 29 112 79 65 10 41 5 116 122 60 111 78 47 51 7 72 37 51 2 114 85 48 
;
53 113 102 116 3 12 15 10 89 63 56 110 88 124 61 107 59 37 19 93 76 18 51 17 16 
21 4 96 86 125 102 93 97 41 98 26 20 5 24 83 16 80 111 74 4 64 104 23 2 122 
80 94 61 1 2 30 21 71 121 103 38 93 33 68 83 46 75 45 87 117 84 24 101 99 7 
125 74 38 83 86 92 61 66 57 101 6 25 55 90 10 99 38 89 11 117 16 117 96 78 63 
70 23 18 29 112 79 65 10 41 5 116 122 60 111 78 47 51 7 72 37 51 2 114 85 48 
;
53 113 102 116 3 12 15 10 89 63 56 110 88 124 61 107 59 37 19 93 76 18 51 17 16 
21 4 96 86 125 102 93 97 41 98 26 20 5 24 83 16 80 111 74 4 64 104 23 2 122 
80 94 61 1 2 30 21 71 121 103 38 93 33 68 83 46 75 45 87 117 84 24 101 99 7 
125 74 38 83 86 92 61 66 57 101 6 25 55 90 10 99 38 89 11 117 16 117 96 78 63 
70 23 18 29 112 79 65 10 41 5 116 122 60 111 78 47 51 7 72 37 51 2 114 85 48 
;
53 113 102 116 3 12 15 10 89 63 56 110 88 124 61 107 59 37 19 93 76 18 51 17 16 
21 4 96 86 125 102 93 97 41 98 26 20 5 24 83 16 80 94 74 4 64 104 23 2 122 
80 111 61 1 2 30 21 71 121 103 38 93 33 68 83 46 75 45 87 117 84 24 101 99 7 
125 74 38 83 86 92 61 66 57 101 6 25 55 90 10 99 38 89 11 117 16 117 96 78 63 
70 23 18 29 112 79 65 10 41 5 116 122 60 111 78 47 51 7 72 37 51 2 114 85 48 
;
53 113 102 116 3 12 15 10 89 63 56 110 88 124 61 107 59 37 19 93 76 18 51 17 16 
21 4 96 86 125 102 93 97 41 98 26 20 5 24 83 16 80 94 74 4 64 104 23 2 122 
80 111 61 1 2 30 21 71 121 103 38 93 33 68 83 46 75 45 87 117 84 24 101 99 7 
125 74 38 83 86 92 61 66 57 101 6 25 55 90 10 99 38 89 11 117 16 117 96 78 63 
70 23 18 29 112 79 65 10 41 5 116 122 60 111 78 47 51 7 72 37 51 2 114 85 48 
;
53 113 102 116 3 12 15 10 89 63 56 110 88 124 61 107 59 37 19 93 76 18 51 17 16 
21 4 96 86 125 102 93 97 41 98 26 20 5 24 83 16 80 94 74 4 64 104 23 2 122 
80 111 61 1 2 30 21 71 121 103 38 93 33 68 83 46 75 45 87 117 84 24 101 99 7 
125 74 38 83 86 92 61 66 57 101 6 25 55 90 10 99 38 89 11 117 16 117 96 78 63 
70 23 18 29 112 79 65 10 41 5 116 122 60 111 78 47 51 7 72 37 51 2 114 85 48 
;
53 113 102 116 3 12 15 10 89 63 56 110 88 124 61 107 59 37 19 93 76 18 51 17 16 
21 4 96 86 125 102 93 97 41 98 26 20 5 24 83 16 80 94 74 4 64 104 23 2 122 
80 111 61 1 2 30 21 71 121 103 38 93 33 68 83 46 75 45 87 117 84 24 101 99 7 
125 74 38 83 86 92 61 66 57 101 6 25 55 90 10 99 38 89 11 117 16 117 96 78 63 
70 23 18 29 112 79 65 10 41 5 116 122 60 111 78 47 51 7 72 37 51 2 114 85 48 
;
53 113 102 116 3 12 15 10 89 63 56 110 88 124 61 107 59 37 19 93 76 18 51 17 16 
21 4 96 86 125 102 93 97 41 98 26 20 5 24 83 16 80 94 74 4 64 104 23 2 122 
80 111 61 1 2 30 21 71 121 103 38 93 33 68 83 46 75 45 87 117 84 24 101 99 7 
125 74 38 83 86 92 61 66 57 101 6 25 55 90 10 99 38 89 11 117 16 117 96 78 63 
70 23 18 29 112 79 65 10 41 5 116 122 60 111 78 47 51 7 72 37 51 2 114 85 48 
;
53 113 102 116 3 12 15 10 89 63 56 110 88 124 61 107 59 37 19 93 76 18 51 17 16 
21 4 96 86 125 102 93 97 41 98 26 20 5 24 83 16 80 94 74 4 64 104 23 2 122 
80 111 61 1 2 30 21 71 121 103 38 93 33 68 83 46 75 45 87 117 84 24 101 99 7 
125 74 38 83 86 92 61 66 57 101 6 25 55 90 10 99 38 89 11 117 16 117 96 78 63 
70 23 18 29 112 79 65 10 41 5 116 122 60 111 78 47 51 7 72 37 51 2 114 85 48 
;
53 113 102 116 3 12 15 10 89 63 56 110 88 124 61 107 59 37 19 93 76 18 51 17 16 
21 4 96 86 125 102 93 97 41 98 26 20 5 24 83 16 80 94 74 4 64 104 23 2 122 
80 111 61 1 2 30 21 71 121 103 38 93 33 68 83 46 75 45 87 117 84 24 101 99 7 
125 74 38 83 86 92 61 66 57 101 6 25 55 90 10 99 38 89 11 117 16 117 96 78 63 
70 23 18 29 112 79 65 10 41 5 116 122 60 111 78 47 51 7 72 37 51 2 114 85 48 
;
53 113 102 116 3 12 15 10 89 63 56 110 88 124 61 107 59 37 19 93 76 18 51 17 16 
21 4 96 86 125 102 93 97 41 98 26 20 5 24 83 16 80 94 74 4 64 104 23 2 122 
80 111 61 1 2 30 21 71 121 103 38 93 33 68 83 46 75 45 87 117 84 24 101 99 7 
125 74 38 83 86 92 61 66 57 101 6 25 55 90 10 99 38 89 11 117 16 117 96 78 63 
70 23 18 29 112 79 65 10 41 5 116 122 60 111 78 47 51 7 72 37 51 2 114 85 48 
;
53 113 102 116 3 12 15 10 89 63 56 110 88 124 61 107 59 37 19 93 76 18 51 17 16 
21 4 96 86 125 102 93 97 41 98 26 20 5 24 83 16 80 94 74 4 64 104 23 2 122 
80 111 61 1 2 30 21 71 121 103 38 93 33 68 83 46 75 45 87 117 84 24 101 99 7 
125 74 38 83 86 92 61 66 57 101 6 25 55 90 10 99 38 89 11 117 16 117 96 78 63 
70 23 18 29 112 79 65 10 41 5 116 122 60 111 78 47 51 7 72 37 51 2 114 85 48 
;
53 113 102 116 3 12 15 10 89 63 56 110 88 124 61 107 59 37 19 93 76 18 51 17 16 
21 4 96 86 125 102 93 97 41 98 26 20 5 24 83 16 80 94 74 4 64 104 23 2 122 
80 111 61 1 2 30 21 71 121 103 38 93 33 68 83 46 75 45 87 117 84 24 101 99 7 
125 74 38 83 86 92 61 66 57 101 6 25 55 90 10 99 38 89 11 117 16 117 96 78 63 
70 23 18 29 112 79 65 10 41 5 116 122 60 111 78 47 51 7 72 37 51 2 114 85 48 
;
53 113 102 116 3 12 15 10 89 63 56 110 88 124 61 107 59 37 19 93 76 18 51 17 16 
21 4 96 86 125 102 93 97 41 98 26 20 5 24 83 16 80 94 74 4 64 104 23 2 122 
80 111 61 1 2 30 21 71 121 103 38 93 33 68 83 46 75 45 87 117 84 24 101 99 7 
125 74 38 83 86 92 61 66 57 101 6 25 55 90 10 99 38 89 11 117 16 117 96 78 63 
70 23 18 29 112 79 65 10 41 5 116 122 60 111 78 47 51 7 72 37 51 2 114 85 48 
;
53 113 102 116 3 12 15 10 89 63 56 110 88 124 61 107 59 37 19 93 76 18 51 17 16 
21 4 96 86 125 102 93 97 41 98 26 20 5 24 83 16 80 94 74 4 64 104 23 2 122 
80 111 61 1 2 30 21 71 121 103 38 93 33 68 83 46 75 45 87 117 84 24 101 99 7 
125 74 38 83 86 92 61 66 57 101 6 25 55 90 10 99 38 89 11 117 16 117 96 78 63 
70 23 18 29 112 79 65 10 41 5 116 122 60 111 78 47 51 7 72 37 51 2 114 85 48 
;
53 113 102 116 3 12 15 10 89 63 56 110 88 124 61 107 59 37 19 93 76 18 51 17 16 
21 4 96 86 125 102 93 97 41 98 26 20 5 24 83 16 80 94 74 4 64 104 23 2 122 
80 111 61 1 2 30 21 71 121 103 38 93 33 68 83 46 75 45 87 117 84 24 101 99 7 
125 74 38 83 86 92 61 66 57 101 6 25 55 90 10 99 38 89 11 117 16 117 96 78 63 
70 23 18 29 112 79 65 10 41 5 116 122 60 111 78 47 51 7 72 37 51 2 114 85 48 
;
53 113 102 116 3 12 15 10 89 63 56 110 88 124 61 107 59 37 19 93 76 18 51 17 16 
21 4 96 86 125 102 93 97 41 98 26 20 5 24 83 16 80 94 74 4 64 104 23 2 122 
80 111 61 1 2 30 21 71 121 103 38 93 33 68 83 46 75 45 87 117 84 24 101 99 7 
125 74 38 83 86 92 61 66 57 101 6 25 55 90 10 99 38 89 11 117 16 117 96 78 63 
70 23 18 29 112 79 65 10 41 5 116 122 60 111 78 47 51 7 72 37 51 2 114 85 48 
;
53 113 102 116 3 12 15 10 89 63 56 110 88 124 61 107 59 37 19 93 76 18 51 17 16 
21 4 96 86 125 102 93 97 41 98 26 20 5 24 83 16 80 94 74 4 64 104 23 2 122 
80 111 61 1 2 30 21 71 121 103 38 93 33 68 83 46 75 45 87 117 84 24 101 99 7 
125 74 38 83 86 92 61 66 57 101 6 25 55 90 10 99 38 89 11 117 16 117 96 78 63 
70 23 18 29 112 79 65 10 41 5 116 122 60 111 78 47 51 7 72 37 51 2 114 85 48 
;
53 113 102 116 3 12 15 10 89 63 56 110 88 124 61 107 59 37 19 93 76 18 51 17 16 
21 4 96 86 125 102 93 97 41 98 26 20 5 24 83 16 80 94 74 4 64 104 23 2 122 
80 111 61 1 2 30 21 71 121 103 38 93 33 68 83 46 75 45 87 117 84 24 101 99 7 
125 74 38 83 86 92 61 66 57 101 6 25 55 90 10 99 38 89 11 117 16 117 96 78 63 
70 23 18 29 112 79 65 10 41 5 116 122 60 111 78 47 51 7 72 37 51 2 114 85 48 
;
53 113 102 116 3 12 15 10 89 63 56 110 88 124 61 107 59 37 19 93 76 18 51 17 16 
21 4 96 86 125 102 93 97 41 98 26 20 5 24 83 16 80 94 74 4 64 104 23 2 122 
80 111 61 1 2 30 21 71 121 103 38 93 33 68 83 46 75 45 87 117 84 24 101 99 7 
125 74 38 83 86 92 61 66 57 101 6 25 55 90 10 99 38 89 11 117 16 117 96 78 63 
70 23 18 29 112 79 65 10 41 5 116 122 60 111 78 47 51 7 72 37 51 2 114 85 48 
;
53 113 102 116 3 12 15 10 89 63 56 110 88 124 61 107 59 37 19 93 76 18 51 17 16 
21 4 96 86 125 102 93 97 41 98 26 20 5 24 83 16 80 94 74 4 64 104 23 2 122 
80 111 61 1 2 30 21 71 121 103 38 93 33 68 83 46 75 45 87 117 84 24 101 99 7 
125 74 38 83 86 92 61 66 57 101 6 25 55 90 10 99 38 89 11 117 16 117 96 78 63 
70 23 18 29 112 79 65 10 41 5 116 122 60 111 78 47 51 7 72 37 51 2 114 85 48 
;
53 113 102 116 3 12 15 10 89 63 56 110 88 124 61 107 59 37 19 93 76 18 51 17 16 
21 4 96 86 125 102 93 97 41 98 26 20 5 24 83 16 80 94 74 4 64 104 23 2 122 
80 111 61 1 2 30 21 71 121 103 38 93 33 68 83 46 75 45 87 117 84 24 101 99 7 
125 74 38 83 86 92 61 66 57 101 6 25 55 90 10 99 38 89 11 117 16 117 96 78 63 
70 23 18 29 112 79 65 10 41 5 116 122 60 111 78 47 51 7 72 37 51 2 114 85 48 
;
53 113 102 116 3 12 15 10 89 63 56 110 88 124 61 107 59 37 19 93 76 18 51 17 16 
21 4 96 86 125 102 93 97 41 98 26 20 5 24 83 16 80 94 74 4 64 104 23 2 122 
80 111 61 1 2 30 21 71 121 103 38 93 33 68 83 46 75 45 87 117 84 24 101 99 7 
125 74 38 83 86 92 61 66 57 101 6 25 55 90 10 99 38 89 11 117 16 117 96 78 63 
70 23 18 29 112 79 65 10 41 5 116 122 60 111 78 47 51 7 72 37 51 2 114 85 48 
;
53 113 102 116 3 12 15 10 89 63 56 110 88 124 61 107 59 37 19 93 76 18 51 17 16 
21 4 96 86 125 102 93 97 41 98 26 20 5 24 83 16 80 94 74 4 64 104 23 2 122 
80 111 61 1 2 30 21 71 121 103 38 93 33 68 83 46 75 45 87 117 84 24 101 99 7 
125 74 38 83 86 92 61 66 57 101 6 25 55 90 10 99 38 89 11 117 16 117 96 78 63 
70 23 18 29 112 79 65 10 41 5 116 122 60 111 78 47 51 7 72 37 51 2 114 85 48 
;
53 113 102 116 3 12 15 10 89 63 56 110 88 124 61 107 59 37 19 93 76 18 51 17 16 
21 4 96 86 125 102 93 97 41 98 26 20 5 24 83 16 80 94 74 4 64 104 23 2 122 
80 111 61 1 2 30 21 71 121 103 38 93 33 68 83 46 75 45 87 117 84 24 101 99 7 
125 74 38 83 86 92 61 66 57 101 6 25 55 90 10 99 38 89 11 117 16 117 96 78 63 
70 23 18 29 112 79 65 10 41 5 116 122 60 111 78 47 51 7 72 37 51 2 114 85 48 
;
53 113 102 116 3 12 15 10 89 63 56 110 88 124 61 107 59 37 19 93 76 18 51 17 16 
21 4 96 86 125 102 93 97 41 98 26 20 5 24 83 16 80 94 74 4 64 104 23 2 122 
80 111 61 1 2 30 21 71 121 103 38 93 33 68 83 46 75 45 87 117 84 24 101 99 7 
125 74 38 83 86 92 61 66 57 101 6 25 55 90 10 99 38 89 11 117 16 117 96 78 63 
70 23 18 29 112 79 65 10 41 5 116 122 60 111 78 47 51 7 72 37 51 2 114 85 48 
;
53 113 102 116 3 12 15 10 89 63 56 110 88 124 61 107 59 37 19 93 76 18 51 17 16 
21 4 96 86 125 102 93 97 41 98 26 20 5 24 83 16 80 94 74 4 64 104 23 2 122 
80 111 61 1 2 30 21 71 121 103 38 93 33 68 83 46 75 45 87 117 84 24 101 99 7 
125 74 38 83 86 92 61 66 57 101 6 25 55 90 10 99 38 89 11 117 16 117 96 78 63 
70 23 18 29 112 79 65 10 41 5 116 122 60 111 78 47 51 7 72 37 51 2 114 85 48 
;
53 113 102 116 3 12 15 10 89 63 56 110 88 124 61 107 59 37 19 93 76 18 51 17 16 
21 4 96 86 125 102 93 97 41 98 26 20 5 24 83 16 80 94 74 4 64 104 23 2 122 
80 111 61 1 2 30 21 71 121 103 38 93 33 68 83 46 75 45 87 117 84 24 101 99 7 
125 74 38 83 86 92 61 66 57 101 6 25 55 90 10 99 38 89 11 117 16 117 96 78 63 
70 23 18 29 112 79 65 10 41 5 116 122 60 111 78 47 51 7 72 37 51 2 114 85 48 
;
53 113 102 116 3 12 15 10 89 63 56 110 88 124 61 107 59 37 19 93 76 18 51 17 16 
21 4 96 86 125 102 93 97 41 98 26 20 5 24 83 16 80 94 74 4 64 104 23 2 122 
80 111 61 1 2 30 21 71 121 103 38 93 33 68 83 46 75 45 87 117 84 24 101 99 7 
125 74 38 83 86 92 61 66 57 101 6 25 55 90 10 99 38 89 11 117 16 117 96 78 63 
70 23 18 29 112 79 65 10 41 5 116 122 60 111 78 47 51 7 72 37 51 2 114 85 48 
;
