76 52 107 73 80 3 62 48 57 121 68 67 45 29 64 119 79 75 90 84 74 93 7 77 51 
70 11 2 42 104 19 46 101 85 98 28 37 26 5 25 53 72 9 69 56 10 92 124 24 54 
102 117 95 115 33 58 12 113 83 27 123 16 35 30 61 91 39 15 63 49 125 14 112 103 65 
60 97 105 17 88 111 13 38 44 116 55 100 94 109 71 23 87 81 120 31 122 4 108 50 96 
8 20 6 22 78 82 40 18 114 118 86 1 32 106 66 36 110 47 43 34 59 89 21 99 41 
;
76 52 107 73 80 3 62 48 57 121 68 67 45 29 64 119 79 75 90 84 74 93 7 77 51 
70 11 2 42 104 19 46 101 85 98 28 37 26 5 25 53 72 9 69 56 10 92 124 24 54 
102 117 95 115 33 58 50 113 83 27 123 16 35 30 61 91 39 15 63 49 125 14 112 103 65 
60 97 105 17 88 111 13 38 44 116 55 100 94 109 71 23 87 81 120 31 122 4 108 12 96 
8 20 6 22 78 82 40 18 114 118 86 1 32 106 66 36 110 47 43 34 59 89 21 99 41 
;
67 52 107 73 80 3 62 48 57 121 68 76 45 29 64 119 79 75 90 84 74 93 7 77 51 
70 11 2 42 104 19 46 101 85 98 28 37 26 5 25 53 72 9 69 56 10 92 124 24 54 
102 117 95 115 33 58 50 113 83 27 123 16 35 30 61 91 39 15 63 49 125 14 112 103 65 
60 97 105 17 88 111 13 38 44 116 55 100 94 109 71 23 87 81 120 31 122 4 108 12 96 
8 20 6 22 78 82 40 18 114 118 86 1 32 106 66 36 110 47 43 34 59 89 21 99 41 
;
67 120 107 73 80 3 62 48 57 121 68 76 45 29 64 119 79 75 90 84 74 93 7 77 51 
70 11 2 42 104 19 46 101 85 98 28 37 26 5 25 53 72 9 69 56 10 92 124 24 54 
102 117 95 115 33 58 50 113 83 27 123 16 35 30 61 91 39 15 63 49 125 14 112 103 65 
60 97 105 17 88 111 13 38 44 116 55 100 94 109 71 23 87 81 52 31 122 4 108 12 96 
8 20 6 22 78 82 40 18 114 118 86 1 32 106 66 36 110 47 43 34 59 89 21 99 41 
;
67 70 107 73 80 3 62 48 57 121 68 76 45 29 64 119 79 75 90 84 74 93 7 77 51 
120 11 2 42 104 19 46 101 85 98 28 37 26 5 25 53 72 9 69 56 10 92 124 24 54 
102 117 95 115 33 58 50 113 83 27 123 16 35 30 61 91 39 15 63 49 125 14 112 103 65 
60 97 105 17 88 111 13 38 44 116 55 100 94 109 71 23 87 81 52 31 122 4 108 12 96 
8 20 6 22 78 82 40 18 114 118 86 1 32 106 66 36 110 47 43 34 59 89 21 99 41 
;
67 70 107 73 80 3 62 48 57 121 68 76 45 29 64 119 59 75 90 84 74 93 7 77 51 
120 11 2 42 104 19 46 101 85 98 28 37 26 5 25 53 72 9 69 56 10 92 124 24 54 
102 117 95 115 33 58 50 113 83 27 123 16 35 30 61 91 39 15 63 49 125 14 112 103 65 
60 97 105 17 88 111 13 38 44 116 55 100 94 109 71 23 87 81 52 31 122 4 108 12 96 
8 20 6 22 78 82 40 18 114 118 86 1 32 106 66 36 110 47 43 34 79 89 21 99 41 
;
67 70 107 73 80 3 62 48 57 121 68 76 45 29 64 119 59 75 90 84 74 93 7 77 51 
120 11 2 42 122 19 46 101 85 98 28 37 26 5 25 53 72 9 69 56 10 92 124 24 54 
102 117 95 115 33 58 50 113 83 27 123 16 35 30 61 91 39 15 63 49 125 14 112 103 65 
60 97 105 17 88 111 13 38 44 116 55 100 94 109 71 23 87 81 52 31 104 4 108 12 96 
8 20 6 22 78 82 40 18 114 118 86 1 32 106 66 36 110 47 43 34 79 89 21 99 41 
;
67 70 107 73 80 3 62 48 57 121 68 76 45 29 64 119 59 75 90 84 74 93 7 77 51 
120 11 2 42 122 19 46 101 85 98 28 37 26 5 25 53 72 9 69 56 10 92 124 24 54 
102 117 95 115 33 58 50 113 83 27 123 114 35 30 61 91 39 15 63 49 125 14 112 103 65 
60 97 105 17 88 111 13 38 44 116 55 100 94 109 71 23 87 81 52 31 104 4 108 12 96 
8 20 6 22 78 82 40 18 16 118 86 1 32 106 66 36 110 47 43 34 79 89 21 99 41 
;
51 70 107 73 80 3 62 48 57 121 68 76 45 29 64 119 59 75 90 84 74 93 7 77 67 
120 11 2 42 122 19 46 101 85 98 28 37 26 5 25 53 72 9 69 56 10 92 124 24 54 
102 117 95 115 33 58 50 113 83 27 123 114 35 30 61 91 39 15 63 49 125 14 112 103 65 
60 97 105 17 88 111 13 38 44 116 55 100 94 109 71 23 87 81 52 31 104 4 108 12 96 
8 20 6 22 78 82 40 18 16 118 86 1 32 106 66 36 110 47 43 34 79 89 21 99 41 
;
51 70 107 7 80 3 62 48 57 121 68 76 45 29 64 119 59 75 90 84 74 93 73 77 67 
120 11 2 42 122 19 46 101 85 98 28 37 26 5 25 53 72 9 69 56 10 92 124 24 54 
102 117 95 115 33 58 50 113 83 27 123 114 35 30 61 91 39 15 63 49 125 14 112 103 65 
60 97 105 17 88 111 13 38 44 116 55 100 94 109 71 23 87 81 52 31 104 4 108 12 96 
8 20 6 22 78 82 40 18 16 118 86 1 32 106 66 36 110 47 43 34 79 89 21 99 41 
;
51 70 107 7 80 3 62 93 57 121 68 76 45 29 64 119 59 75 90 84 74 48 73 77 67 
120 11 2 42 122 19 46 101 85 98 28 37 26 5 25 53 72 9 69 56 10 92 124 24 54 
102 117 95 115 33 58 50 113 83 27 123 114 35 30 61 91 39 15 63 49 125 14 112 103 65 
60 97 105 17 88 111 13 38 44 116 55 100 94 109 71 23 87 81 52 31 104 4 108 12 96 
8 20 6 22 78 82 40 18 16 118 86 1 32 106 66 36 110 47 43 34 79 89 21 99 41 
;
51 70 107 7 80 3 62 15 57 121 68 76 45 29 64 119 59 75 90 84 74 48 73 77 67 
120 11 2 42 122 19 46 101 85 98 28 37 26 5 25 53 72 9 69 56 10 92 124 24 54 
102 117 95 115 33 58 50 113 83 27 123 114 35 30 61 91 39 93 63 49 125 14 112 103 65 
60 97 105 17 88 111 13 38 44 116 55 100 94 109 71 23 87 81 52 31 104 4 108 12 96 
8 20 6 22 78 82 40 18 16 118 86 1 32 106 66 36 110 47 43 34 79 89 21 99 41 
;
51 70 107 7 80 3 62 15 57 22 68 76 45 29 64 119 59 75 90 84 74 48 73 77 67 
120 11 2 42 122 19 46 101 85 98 28 37 26 5 25 53 72 9 69 56 10 92 124 24 54 
102 117 95 115 33 58 50 113 83 27 123 114 35 30 61 91 39 93 63 49 125 14 112 103 65 
60 97 105 17 88 111 13 38 44 116 55 100 94 109 71 23 87 81 52 31 104 4 108 12 96 
8 20 6 121 78 82 40 18 16 118 86 1 32 106 66 36 110 47 43 34 79 89 21 99 41 
;
51 70 107 7 80 3 62 15 57 22 68 76 45 84 64 119 59 75 90 29 74 48 73 77 67 
120 11 2 42 122 19 46 101 85 98 28 37 26 5 25 53 72 9 69 56 10 92 124 24 54 
102 117 95 115 33 58 50 113 83 27 123 114 35 30 61 91 39 93 63 49 125 14 112 103 65 
60 97 105 17 88 111 13 38 44 116 55 100 94 109 71 23 87 81 52 31 104 4 108 12 96 
8 20 6 121 78 82 40 18 16 118 86 1 32 106 66 36 110 47 43 34 79 89 21 99 41 
;
51 70 107 7 80 3 62 15 57 22 68 76 45 84 42 119 59 75 90 29 74 48 73 77 67 
120 11 2 64 122 19 46 101 85 98 28 37 26 5 25 53 72 9 69 56 10 92 124 24 54 
102 117 95 115 33 58 50 113 83 27 123 114 35 30 61 91 39 93 63 49 125 14 112 103 65 
60 97 105 17 88 111 13 38 44 116 55 100 94 109 71 23 87 81 52 31 104 4 108 12 96 
8 20 6 121 78 82 40 18 16 118 86 1 32 106 66 36 110 47 43 34 79 89 21 99 41 
;
51 70 107 7 80 3 62 15 57 22 68 76 45 84 42 119 59 75 90 30 74 48 73 77 67 
120 11 2 64 122 19 46 101 85 98 28 37 26 5 25 53 72 9 69 56 10 92 124 24 54 
102 117 95 115 33 58 50 113 83 27 123 114 35 29 61 91 39 93 63 49 125 14 112 103 65 
60 97 105 17 88 111 13 38 44 116 55 100 94 109 71 23 87 81 52 31 104 4 108 12 96 
8 20 6 121 78 82 40 18 16 118 86 1 32 106 66 36 110 47 43 34 79 89 21 99 41 
;
51 70 107 7 80 3 62 15 57 22 68 76 45 84 42 119 59 75 90 30 74 48 73 77 67 
120 11 104 64 122 19 46 101 85 98 28 37 26 5 25 53 72 9 69 56 10 92 124 24 54 
102 117 95 115 33 58 50 113 83 27 123 114 35 29 61 91 39 93 63 49 125 14 112 103 65 
60 97 105 17 88 111 13 38 44 116 55 100 94 109 71 23 87 81 52 31 2 4 108 12 96 
8 20 6 121 78 82 40 18 16 118 86 1 32 106 66 36 110 47 43 34 79 89 21 99 41 
;
51 70 107 7 80 3 62 15 57 22 68 76 45 84 42 119 59 75 90 30 74 48 73 77 67 
120 11 19 64 122 104 46 101 85 98 28 37 26 5 25 53 72 9 69 56 10 92 124 24 54 
102 117 95 115 33 58 50 113 83 27 123 114 35 29 61 91 39 93 63 49 125 14 112 103 65 
60 97 105 17 88 111 13 38 44 116 55 100 94 109 71 23 87 81 52 31 2 4 108 12 96 
8 20 6 121 78 82 40 18 16 118 86 1 32 106 66 36 110 47 43 34 79 89 21 99 41 
;
51 70 107 7 80 3 62 15 57 22 68 76 45 84 42 119 59 75 90 30 74 48 73 77 67 
120 11 9 64 122 104 46 101 85 98 28 37 26 5 25 53 72 19 69 56 10 92 124 24 54 
102 117 95 115 33 58 50 113 83 27 123 114 35 29 61 91 39 93 63 49 125 14 112 103 65 
60 97 105 17 88 111 13 38 44 116 55 100 94 109 71 23 87 81 52 31 2 4 108 12 96 
8 20 6 121 78 82 40 18 16 118 86 1 32 106 66 36 110 47 43 34 79 89 21 99 41 
;
51 70 107 7 80 3 62 15 57 22 68 76 45 84 42 119 59 75 90 30 74 48 73 77 67 
120 11 9 55 122 104 46 101 85 98 28 37 26 5 25 53 72 19 69 56 10 92 124 24 54 
102 117 95 115 33 58 50 113 83 27 123 114 35 29 61 91 39 93 63 49 125 14 112 103 65 
60 97 105 17 88 111 13 38 44 116 64 100 94 109 71 23 87 81 52 31 2 4 108 12 96 
8 20 6 121 78 82 40 18 16 118 86 1 32 106 66 36 110 47 43 34 79 89 21 99 41 
;
51 70 107 7 80 3 62 15 57 22 68 76 45 84 42 64 59 75 90 30 74 48 73 77 67 
120 11 9 55 122 104 46 101 85 98 28 37 26 5 25 53 72 19 69 56 10 92 124 24 54 
102 117 95 115 33 58 50 113 83 27 123 114 35 29 61 91 39 93 63 49 125 14 112 103 65 
60 97 105 17 88 111 13 38 44 116 119 100 94 109 71 23 87 81 52 31 2 4 108 12 96 
8 20 6 121 78 82 40 18 16 118 86 1 32 106 66 36 110 47 43 34 79 89 21 99 41 
;
51 70 107 7 80 58 62 15 57 22 68 76 45 84 42 64 59 75 90 30 74 48 73 77 67 
120 11 9 55 122 104 46 101 85 98 28 37 26 5 25 53 72 19 69 56 10 92 124 24 54 
102 117 95 115 33 3 50 113 83 27 123 114 35 29 61 91 39 93 63 49 125 14 112 103 65 
60 97 105 17 88 111 13 38 44 116 119 100 94 109 71 23 87 81 52 31 2 4 108 12 96 
8 20 6 121 78 82 40 18 16 118 86 1 32 106 66 36 110 47 43 34 79 89 21 99 41 
;
51 70 107 7 80 58 62 15 57 22 68 76 45 84 42 64 59 75 90 30 74 48 73 77 67 
120 11 9 55 122 104 54 101 85 98 28 37 26 5 25 53 72 19 69 56 10 92 124 24 46 
102 117 95 115 33 3 50 113 83 27 123 114 35 29 61 91 39 93 63 49 125 14 112 103 65 
60 97 105 17 88 111 13 38 44 116 119 100 94 109 71 23 87 81 52 31 2 4 108 12 96 
8 20 6 121 78 82 40 18 16 118 86 1 32 106 66 36 110 47 43 34 79 89 21 99 41 
;
51 70 107 7 80 58 62 15 57 22 68 76 45 84 42 64 59 75 90 30 74 48 73 77 67 
120 11 9 55 122 104 54 114 85 98 28 37 26 5 25 53 72 19 69 56 10 92 124 24 46 
102 117 95 115 33 3 50 113 83 27 123 101 35 29 61 91 39 93 63 49 125 14 112 103 65 
60 97 105 17 88 111 13 38 44 116 119 100 94 109 71 23 87 81 52 31 2 4 108 12 96 
8 20 6 121 78 82 40 18 16 118 86 1 32 106 66 36 110 47 43 34 79 89 21 99 41 
;
51 70 107 7 80 58 62 15 57 22 68 76 45 84 42 64 59 75 90 30 74 48 73 77 67 
120 11 9 55 122 104 54 114 85 105 28 37 26 5 25 53 72 19 69 56 10 92 124 24 46 
102 117 95 115 33 3 50 113 83 27 123 101 35 29 61 91 39 93 63 49 125 14 112 103 65 
60 97 98 17 88 111 13 38 44 116 119 100 94 109 71 23 87 81 52 31 2 4 108 12 96 
8 20 6 121 78 82 40 18 16 118 86 1 32 106 66 36 110 47 43 34 79 89 21 99 41 
;
51 70 107 7 80 58 62 15 57 22 68 76 45 84 42 64 59 75 90 30 74 48 73 77 67 
120 11 9 55 122 104 54 114 85 105 28 37 26 5 25 53 72 19 69 56 10 92 124 24 46 
102 117 95 115 39 3 50 113 83 27 123 101 35 29 61 91 33 93 63 49 125 14 112 103 65 
60 97 98 17 88 111 13 38 44 116 119 100 94 109 71 23 87 81 52 31 2 4 108 12 96 
8 20 6 121 78 82 40 18 16 118 86 1 32 106 66 36 110 47 43 34 79 89 21 99 41 
;
51 70 107 7 80 58 62 15 57 22 68 76 45 84 42 64 59 75 90 30 74 48 73 77 67 
120 11 9 55 122 104 54 114 85 105 28 37 26 5 25 53 72 19 69 56 10 92 124 24 46 
102 117 95 115 39 3 50 113 83 61 123 101 35 29 27 91 33 93 63 49 125 14 112 103 65 
60 97 98 17 88 111 13 38 44 116 119 100 94 109 71 23 87 81 52 31 2 4 108 12 96 
8 20 6 121 78 82 40 18 16 118 86 1 32 106 66 36 110 47 43 34 79 89 21 99 41 
;
51 70 107 7 80 58 62 15 57 22 68 76 45 84 42 64 59 75 90 30 74 48 73 77 67 
120 11 9 55 122 104 54 114 85 105 28 37 26 5 25 53 72 19 69 56 10 92 124 24 46 
102 117 95 115 39 8 50 113 83 61 123 101 35 29 27 91 33 93 63 49 125 14 112 103 65 
60 97 98 17 88 111 13 38 44 116 119 100 94 109 71 23 87 81 52 31 2 4 108 12 96 
3 20 6 121 78 82 40 18 16 118 86 1 32 106 66 36 110 47 43 34 79 89 21 99 41 
;
51 70 107 7 80 58 62 15 57 22 68 76 45 84 42 64 59 75 90 30 74 48 73 77 67 
120 11 9 55 122 104 54 114 85 105 28 37 26 5 25 53 72 19 69 56 10 92 124 24 46 
102 117 95 115 39 8 50 113 83 61 123 101 35 29 27 91 33 93 63 49 125 14 112 103 65 
60 97 98 17 88 111 13 31 44 116 119 100 94 109 71 23 87 81 52 38 2 4 108 12 96 
3 20 6 121 78 82 40 18 16 118 86 1 32 106 66 36 110 47 43 34 79 89 21 99 41 
;
51 70 107 7 80 58 62 15 57 22 68 76 45 84 42 64 59 75 90 30 74 48 73 77 67 
120 11 9 55 122 104 54 114 85 105 28 37 26 5 25 53 72 19 69 56 10 92 124 24 46 
102 117 95 115 39 8 50 113 83 61 123 101 35 29 27 91 33 93 63 49 125 14 112 103 65 
60 97 98 17 88 111 13 31 44 116 119 100 94 109 71 23 87 81 52 38 2 18 108 12 96 
3 20 6 121 78 82 40 4 16 118 86 1 32 106 66 36 110 47 43 34 79 89 21 99 41 
;
51 70 107 7 80 58 62 15 57 22 68 76 45 84 42 64 59 75 90 30 74 48 73 77 67 
120 11 9 55 122 104 54 114 85 105 28 37 26 5 25 53 72 19 69 56 10 92 124 24 46 
102 117 40 115 39 8 50 113 83 61 123 101 35 29 27 91 33 93 63 49 125 14 112 103 65 
60 97 98 17 88 111 13 31 44 116 119 100 94 109 71 23 87 81 52 38 2 18 108 12 96 
3 20 6 121 78 82 95 4 16 118 86 1 32 106 66 36 110 47 43 34 79 89 21 99 41 
;
51 70 107 7 80 58 62 15 57 22 68 76 45 84 42 64 59 75 90 30 74 48 73 77 67 
120 11 9 55 122 3 54 114 85 105 28 37 26 5 25 53 72 19 69 56 10 92 124 24 46 
102 117 40 115 39 8 50 113 83 61 123 101 35 29 27 91 33 93 63 49 125 14 112 103 65 
60 97 98 17 88 111 13 31 44 116 119 100 94 109 71 23 87 81 52 38 2 18 108 12 96 
104 20 6 121 78 82 95 4 16 118 86 1 32 106 66 36 110 47 43 34 79 89 21 99 41 
;
51 70 107 7 80 58 62 15 57 22 68 76 45 84 42 64 59 75 90 30 74 48 73 77 67 
120 11 9 55 122 56 54 114 85 105 28 37 26 5 25 53 72 19 69 3 10 92 124 24 46 
102 117 40 115 39 8 50 113 83 61 123 101 35 29 27 91 33 93 63 49 125 14 112 103 65 
60 97 98 17 88 111 13 31 44 116 119 100 94 109 71 23 87 81 52 38 2 18 108 12 96 
104 20 6 121 78 82 95 4 16 118 86 1 32 106 66 36 110 47 43 34 79 89 21 99 41 
;
51 70 107 7 80 58 62 15 57 22 68 76 45 84 42 64 59 75 90 30 74 48 73 77 67 
120 11 9 55 122 56 54 114 85 6 28 37 26 5 25 53 72 19 69 3 10 92 124 24 46 
102 117 40 115 39 8 50 113 83 61 123 101 35 29 27 91 33 93 63 49 125 14 112 103 65 
60 97 98 17 88 111 13 31 44 116 119 100 94 109 71 23 87 81 52 38 2 18 108 12 96 
104 20 105 121 78 82 95 4 16 118 86 1 32 106 66 36 110 47 43 34 79 89 21 99 41 
;
51 70 107 7 80 58 62 15 57 22 68 76 45 84 42 64 59 75 90 30 74 48 73 77 67 
120 11 9 55 122 56 54 114 85 6 28 37 26 5 25 98 72 19 69 3 10 92 124 24 46 
102 117 40 115 39 8 50 113 83 61 123 101 35 29 27 91 33 93 63 49 125 14 112 103 65 
60 97 53 17 88 111 13 31 44 116 119 100 94 109 71 23 87 81 52 38 2 18 108 12 96 
104 20 105 121 78 82 95 4 16 118 86 1 32 106 66 36 110 47 43 34 79 89 21 99 41 
;
51 70 107 7 80 58 62 15 57 22 68 76 45 84 42 64 59 75 90 30 74 48 73 77 67 
120 11 9 55 122 56 54 114 85 6 28 37 26 5 25 98 72 19 69 3 10 92 124 24 46 
102 117 40 115 39 8 50 113 83 61 123 101 35 29 27 91 33 93 63 49 125 14 112 103 65 
60 97 53 17 88 111 13 31 44 116 119 100 94 109 71 23 87 81 52 38 2 18 108 12 96 
43 20 105 121 78 82 95 4 16 118 86 1 32 106 66 36 110 47 104 34 79 89 21 99 41 
;
51 70 107 7 80 58 62 15 57 22 68 76 45 84 42 64 59 75 90 30 74 48 73 77 67 
120 11 9 55 122 56 54 114 85 6 28 37 26 5 25 98 72 19 69 3 10 92 124 24 46 
102 117 40 115 39 8 50 113 83 61 123 101 35 29 27 91 33 93 63 49 125 14 112 103 65 
60 97 53 17 88 111 13 31 44 116 119 100 94 109 71 23 87 81 52 38 2 18 108 12 96 
43 20 106 121 78 82 95 4 16 118 86 1 32 105 66 36 110 47 104 34 79 89 21 99 41 
;